10 10 5 0.0 1.0 0.0 6.283185307179586
5.0 15.0 5.0 5.0
0.4434553251990928 0.6130159973343502 -0.6538797760787061
-0.8848036892987846 0.4158624504576495 -0.21019242065930302
0.14307272960220593 0.671766186490158 0.7268152342463957
0 0 0
1
116 226 52
0.0 0.0 0.0
1.0 0.0 0.0
0.0 1.0 0.0
0.0 0.0 1.0
7
-0.885 -0.5475
-0.6433333333333333 -0.19499999999999995
-0.43333333333333335 -0.26
-0.18666666666666665 -0.665
0.2516666666666667 0.06499999999999995
0.30333333333333323 -0.4
0.4883333333333333 -0.47750000000000004
