10 10 5 0.0 1.0 0.0 6.283185307179586
5.0 15.0 5.0 5.0
0.7224256868128883 -0.1933266066588368 -0.663871938095523
0.5967823289315887 -0.31057401804929785 0.7398612242763535
-0.3492162351723014 -0.9306817944230423 -0.10899274572920045
0 0 0
2
155 98 120
0.74 0.53 -0.74
1.0 0.0 0.0
0.0 1.0 0.0
0.0 0.0 1.0
12
-0.8183333333333334 -0.6174999999999999
-0.7150000000000001 -0.24750000000000005
-0.585 -0.19499999999999995
-0.43333333333333335 -0.24750000000000005
-0.32166666666666666 -0.42500000000000004
-0.1216666666666667 -0.63
-0.02833333333333332 -0.5025
-0.026666666666666616 -0.4175
0.15333333333333332 -0.32999999999999996
0.5416666666666667 -0.30500000000000005
0.5616666666666668 -0.575
0.7016666666666667 -0.12
52 106 130
0.0 0.0 0.0
1.0 0.0 0.0
0.0 1.0 0.0
0.0 0.0 1.0
8
-0.865 -0.7175
-0.72 0.21500000000000008
-0.6066666666666667 0.4624999999999999
-0.3933333333333333 -0.07999999999999996
-0.345 -0.7150000000000001
-0.14500000000000002 0.004999999999999893
-0.14500000000000002 0.405
0.05166666666666675 0.6025
