10 10 5 0.0 1.0 0.0 6.283185307179586
5.0 15.0 5.0 5.0
0.8528562487233631 0.016537139327010526 0.5218838396007153
0.1446363647543265 0.952904571999654 -0.26655805869040866
-0.5017136045635582 0.30281908738556296 0.8102987469512762
0 0 0
1
252 150 233
0.0 0.0 0.0
1.0 0.0 0.0
0.0 1.0 0.0
0.0 0.0 1.0
9
-0.7733333333333333 -0.4375
-0.5233333333333333 -0.28
-0.21666666666666667 -0.3375
-0.04833333333333334 -0.45499999999999996
-0.008333333333333304 -0.32999999999999996
-0.0033333333333332993 -0.31999999999999995
0.2416666666666667 -0.28
0.44999999999999996 -0.56
0.48 -0.1775
